#NAME X             Y             Z             SEFDR 
PV    5088967.9000    -301681.6000     3825015.8000    850  
AZ   -1828796.200     -5054406.800     3427865.200     5530 
SM   -5464523.400     -2493147.080     2150611.750     2160 
LM   -768713.9637     -5988541.7982    2063275.9472    350  
AA    2225061.164     -5440057.37     -2481681.15      90   
SP    0.01             0.01           -6359609.7       11330
AP    2225039.53      -5441197.63     -2479303.36      3280 
JC   -5464584.68      -2493001.17      2150653.98      2120 
GL    541647.0        -1388536.0       6180829.0       4350 
PB    4523998.40       468045.240      4460309.760     300  
KP   -1994314.0       -5037909.0       3357619.0       7430 
