#NAME X                Y               Z             SEFD
AA    2225061.164     -5440057.37     -2481681.15    90      
AP    2225039.53      -5441197.63     -2479303.36    3280    
AZ   -1828796.200     -5054406.800     3427865.200   5530    
GL    541647.0        -1388536.0       6180829.0     4350    
JC   -5464584.68      -2493001.17      2150653.98    2120    
KP   -1994314.0       -5037909.0       3357619.0     7430    
LM   -768713.9637     -5988541.7982    2063275.9472  350     
PB    4523998.40       468045.240      4460309.760   300     
PV    5088967.9000    -301681.6000     3825015.8000  850     
SM   -5464523.400     -2493147.080     2150611.750   2160    
SP    0.01             0.01           -6359609.7     11330   
BA   -2352576.0       -4940331.0       3271508.0     16930   
BR   -2363000.0       -4445000.0       3907000.0     15770   
CI    5311000.0       -1725000.0       3075000.0     19410   
CT    1569000.0       -4559000.0      -4163000.0     29580   
GR    1538000.0       -2462000.0      -5659000.0     71080   
GB    5627890.0        1637767.0      -2512493.0     14270   
HA    1521000.0       -4417000.0       4327000.0     2740    
NZ   -4540000.0         719000.0      -4409000.0     32040   
OV   -2409598.0       -4478348.0       3838607.0     15100   
SG    1832000.0       -5034000.0      -3455000.0     17570   